delta(mm) h R(mm) rho mu E V_bc(mm/s) delta_std V_bc_std
6.4154342712573404 7.67 10.0 0.0036 141.7762114 77835.17918 3121.307527774712 0.0579089351350806 6.933501868994365
5.236562765974528 7.67 10.0 0.0036 141.7762114 77835.17918 2232.3410810662026 0.0838118761336834 9.511739032970612
4.307466004969222 7.67 10.0 0.0036 141.7762114 77835.17918 1527.6519113264887 0.0466531626289404 11.601197973880634
3.8790236953145367 7.67 10.0 0.0036 141.7762114 77835.17918 1358.8332440886866 0.0617894887919669 8.644067778491934
3.479799794246414 7.67 10.0 0.0036 141.7762114 77835.17918 1042.7004669032217 0.0447535093363547 6.1979742415368815
2.916890080428955 7.67 10.0 0.0036 141.7762114 77835.17918 755.6612311041322 0.0293685017429046 13.070917054997224
2.754883872889581 7.67 10.0 0.0036 141.7762114 77835.17918 657.1079660643055 0.0531241906793884 11.427885167047124
2.439143915769196 7.67 10.0 0.0036 141.7762114 77835.17918 533.3759329935931 0.0507021686149611 17.70975062246933
4.9778682053980905 7.67 7.5 0.0036 141.7762114 77835.17918 3084.2261333773413 0.0486933390826958 8.005416411066822
4.166635451003897 7.67 7.5 0.0036 141.7762114 77835.17918 2197.1882583620536 0.0447099399940374 8.297539546410741
3.357932759669473 7.67 7.5 0.0036 141.7762114 77835.17918 1499.871659634122 0.0476191368246994 3.0633617277549146
3.271972032178033 7.67 7.5 0.0036 141.7762114 77835.17918 1318.8627085551675 0.0307875948962283 5.367127158390256
2.8313268216349914 7.67 7.5 0.0036 141.7762114 77835.17918 1033.503252670548 0.0367384934516557 2.4258797205155505
2.6079288761010573 7.67 7.5 0.0036 141.7762114 77835.17918 899.8537929129344 0.0338536941620834 6.766651634769226
2.264103004450972 7.67 7.5 0.0036 141.7762114 77835.17918 759.5105879674733 0.0393445859236496 8.544374355155789
1.821334180045825 7.67 7.5 0.0036 141.7762114 77835.17918 540.616338150447 0.0692269361649576 11.097211291493537
4.1436074127746085 7.67 5.0 0.0036 141.7762114 77835.17918 3133.16763894248 0.0683660313332468 10.232893018094588
3.3880287270344303 7.67 5.0 0.0036 141.7762114 77835.17918 2242.2637965261247 0.0471086116624836 5.768460476291657
2.5967775011973906 7.67 5.0 0.0036 141.7762114 77835.17918 1544.3258078801416 0.0711696824463194 7.617194621055765
2.5301762254080296 7.67 5.0 0.0036 141.7762114 77835.17918 1358.9108202961995 0.0263635154919353 10.384719228896524
2.0622819551811493 7.67 5.0 0.0036 141.7762114 77835.17918 1063.0512881131024 0.0818371478582312 3.2959276930541272
1.958742527274244 7.67 5.0 0.0036 141.7762114 77835.17918 917.6971613043544 0.0430813085986938 4.587261544728347
1.7976400313356835 7.67 5.0 0.0036 141.7762114 77835.17918 782.9903299851829 0.0793237619900174 7.529406847344062
1.3486000025270712 7.67 5.0 0.0036 141.7762114 77835.17918 513.3795111544036 0.0699484452595683 8.995230408908602
4.8420027341079965 7.67 8.0 0.0025 141.7762114 77835.17918 3149.5855400824685 0.0394229196615206 23.083989175579987
4.029421376089728 7.67 8.0 0.0025 141.7762114 77835.17918 2244.2348843242426 0.0789973239104456 18.516082869709763
3.177135251573441 7.67 8.0 0.0025 141.7762114 77835.17918 1551.6783409106556 0.0500572846276912 9.19366736792492
2.9862293820067856 7.67 8.0 0.0025 141.7762114 77835.17918 1385.7973416321247 0.0303469751372723 6.070765334460165
2.6491326748726003 7.67 8.0 0.0025 141.7762114 77835.17918 1072.2833227689646 0.0462023031390293 8.879485459266553
2.420410553676257 7.67 8.0 0.0025 141.7762114 77835.17918 946.497360784748 0.0839642437309288 6.8992919469770095
2.1164906657322464 7.67 8.0 0.0025 141.7762114 77835.17918 773.9802868536607 0.0278125913121898 7.346834581390848
1.7176546997587936 7.67 8.0 0.0025 141.7762114 77835.17918 555.512852356949 0.0411923801998162 14.812090042935546
3.3310428046972853 7.67 7.5 0.0011 141.7762114 77835.17918 2967.504663622385 0.1507752031260819 16.191768490072096
2.700534426712492 7.67 7.5 0.0011 141.7762114 77835.17918 2211.201069115676 0.062727984655111 18.76348085772888
2.144655027811787 7.67 7.5 0.0011 141.7762114 77835.17918 1515.6946056329737 0.0617365123818289 8.82179544841511
1.975445855874733 7.67 7.5 0.0011 141.7762114 77835.17918 1341.8171853620586 0.0734302752646279 15.179374285451164
1.7855284396960718 7.67 7.5 0.0011 141.7762114 77835.17918 1063.4539213797816 0.0320124268505274 24.797470120018662
1.7063093701351686 7.67 7.5 0.0011 141.7762114 77835.17918 918.2205128804104 0.0530395941554421 14.574355305682788
1.5268066516420054 7.67 7.5 0.0011 141.7762114 77835.17918 755.2667156237859 0.0577565337299025 29.03778110044543
1.1847365116410644 7.67 7.5 0.0011 141.7762114 77835.17918 495.8536873506408 0.0596441318195142 29.50908125536783
7.125401929260451 7.67 8.0 0.0078 141.7762114 77835.17918 3098.692032208617 0.0664177208352819 0.3013141497126185
6.040801457194901 7.67 8.0 0.0078 141.7762114 77835.17918 2196.0749596919336 0.1283076451944916 3.015200071880619
4.902742989530743 7.67 8.0 0.0078 141.7762114 77835.17918 1469.187275634756 0.073210940431668 1.4001192763609156
4.432833739979087 7.67 8.0 0.0078 141.7762114 77835.17918 1266.6957785677885 0.049243838240772 2.8132081943445506
3.741015715887219 7.67 8.0 0.0078 141.7762114 77835.17918 948.9415701066338 0.0754490796710412 3.7080985643850015
3.320102474576512 7.67 8.0 0.0078 141.7762114 77835.17918 788.1980708574216 0.0965832069156833 2.924841739105277
2.9153749436955025 7.67 8.0 0.0078 141.7762114 77835.17918 596.0118865864115 0.0346239977943587 2.810268108417698
2.7529202815140805 7.67 8.0 0.0078 141.7762114 77835.17918 511.1555440075096 0.0344086449556054 1.5096818911566456
2.393186376408308 7.67 8.0 0.0078 141.7762114 77835.17918 385.9826280426538 0.1231762880205631 3.7069192524721033
4.988772517804775 7.67 4.0 0.0078 141.7762114 77835.17918 3069.521858816777 0.0413700565119318 7.85890108536337
4.03234185169669 7.67 4.0 0.0078 141.7762114 77835.17918 2190.024417229257 0.0441222582145529 7.473701701808651
2.987012987012988 7.67 4.0 0.0078 141.7762114 77835.17918 1496.3328979772175 0.0519480519480508 1.4276138269089018
2.767167473049826 7.67 4.0 0.0078 141.7762114 77835.17918 1294.426592555364 0.0374307490380972 3.475230237766396
2.3782153330540425 7.67 4.0 0.0078 141.7762114 77835.17918 1006.660051933803 0.0767512526601313 3.292657399884396
2.0819997207093976 7.67 4.0 0.0078 141.7762114 77835.17918 816.3407815044302 0.0332216188535591 3.4163120127466367
1.5653679653679646 7.67 4.0 0.0078 141.7762114 77835.17918 562.7817262755062 0.0169661627205771 1.3580500932445136
1.4117647058823544 7.67 4.0 0.0078 141.7762114 77835.17918 464.702413974938 0.0330695703024143 0.5655211008118045
1.0736154110767115 7.67 4.0 0.0078 141.7762114 77835.17918 311.29901341813616 0.0249818749987825 2.367738145752389
6.587924814885135 7.67 6.0 0.0078 141.7762114 77835.17918 3103.6073398880617 0.1901799037228261 5.011443886879476
5.2112559077743335 7.67 6.0 0.0078 141.7762114 77835.17918 2209.28369464686 0.0798301191293792 5.103942942352566
4.044991917953289 7.67 6.0 0.0078 141.7762114 77835.17918 1493.4134823429672 0.0398903378196277 5.472478233798566
3.716211374832065 7.67 6.0 0.0078 141.7762114 77835.17918 1289.069345720177 0.0402234593059551 2.8857628140175176
3.21314511575381 7.67 6.0 0.0078 141.7762114 77835.17918 997.1889845170344 0.0170703777841874 1.3396913279077831
2.822864632284493 7.67 6.0 0.0078 141.7762114 77835.17918 836.4464921488014 0.0708055380770355 3.663995602862325
2.527557761167352 7.67 6.0 0.0078 141.7762114 77835.17918 704.8303261715569 0.0533537014897692 2.844840513443235
2.041586502885896 7.67 6.0 0.0078 141.7762114 77835.17918 489.13181945684937 0.0400513614985661 1.3809164118606891
1.5410779792474585 7.67 6.0 0.0078 141.7762114 77835.17918 319.17071713951964 0.04494931032499 2.613272941523092
7.091835958304802 6.4 8.0 0.0078 127.9153697 77288.96056 3092.831418919442 0.0350340772384441 10.613682318832655
6.130419576202708 6.4 8.0 0.0078 127.9153697 77288.96056 2216.834631031758 0.0343808856892271 3.481189470899862
5.034770667399067 6.4 8.0 0.0078 127.9153697 77288.96056 1489.4536673455843 0.0338843566571196 2.5507469449614715
4.731357863887987 6.4 8.0 0.0078 127.9153697 77288.96056 1298.2585478479284 0.0169325952458483 3.3814025647335377
4.04127884020797 6.4 8.0 0.0078 127.9153697 77288.96056 956.0047309135124 0.013776622956563 3.3508579950030954
3.689337530301384 6.4 8.0 0.0078 127.9153697 77288.96056 803.4535771969479 0.0247828639289664 1.962596907073392
3.224699731524657 6.4 8.0 0.0078 127.9153697 77288.96056 636.2759762990703 0.035931696418435 1.5092664860404652
2.866024815241712 6.4 8.0 0.0078 127.9153697 77288.96056 523.6636898270032 0.0258857513684123 1.5950058192161662
2.5705988326826152 6.4 8.0 0.0078 127.9153697 77288.96056 427.7464297513418 0.0298410798345868 0.9289016066643168
2.4148891450267813 6.4 8.0 0.0078 127.9153697 77288.96056 372.10076993136215 0.0365014394897918 1.9221864332955023
6.659176029962546 6.4 7.0 0.0078 127.9153697 77288.96056 3114.434080461615 2.082963028648268e-15 1.1987530341289294
5.63409225310467 6.4 7.0 0.0078 127.9153697 77288.96056 2218.5779261636385 0.0396211579577577 5.170775308014347
4.5152671755725216 6.4 7.0 0.0078 127.9153697 77288.96056 1486.8442181928335 0.0308507777429572 1.2605111358204144
4.226605810814732 6.4 7.0 0.0078 127.9153697 77288.96056 1318.4173286030134 0.0428590422346651 3.022982650695804
3.6452830188679246 6.4 7.0 0.0078 127.9153697 77288.96056 986.5551137481124 0.0 0.520995625031203
3.4287586891757686 6.4 7.0 0.0078 127.9153697 77288.96056 869.5462682646413 0.0331667548543166 2.4221605608454686
3.012292602834428 6.4 7.0 0.0078 127.9153697 77288.96056 674.6590469734132 0.0208693397856877 1.9694984738037045
2.5222773915921883 6.4 7.0 0.0078 127.9153697 77288.96056 535.1358102574086 0.0197916034483584 1.2016822258065445
2.3750444171108387 6.4 7.0 0.0078 127.9153697 77288.96056 460.8286142432758 0.0363238766224318 0.8003200264722915
2.1446289432187724 6.4 7.0 0.0078 127.9153697 77288.96056 362.90706880904816 0.0431738548838487 1.0721661982028408
6.588119750070541 6.4 6.0 0.0078 127.9153697 77288.96056 3133.927263432963 0.5996003944907432 28.726752485752
5.146551724137932 6.4 6.0 0.0078 127.9153697 77288.96056 2241.718855846269 0.0298629449580837 1.3192535990782
4.100436681222709 6.4 6.0 0.0078 127.9153697 77288.96056 1514.9364967595866 0.0262008733624458 0.4578626192829316
3.750804412778674 6.4 6.0 0.0078 127.9153697 77288.96056 1301.201000733255 0.0263979591893637 3.2526463501186447
3.2500000000000013 6.4 6.0 0.0078 127.9153697 77288.96056 1013.3262192313424 0.0263157894736831 0.3122482859843679
2.9947136563876646 6.4 6.0 0.0078 127.9153697 77288.96056 876.3577809560923 0.020042842583397 2.2384564689656683
2.6336283185840688 6.4 6.0 0.0078 127.9153697 77288.96056 696.8288731359262 0.0290826136728405 0.7859396444556478
2.256008965144138 6.4 6.0 0.0078 127.9153697 77288.96056 516.551021866037 0.0175112297092092 1.3876632348837503
2.0678634085213035 6.4 6.0 0.0078 127.9153697 77288.96056 446.67901031770486 0.0525421102250475 2.703097606079357
1.8303676201835208 6.4 6.0 0.0078 127.9153697 77288.96056 355.1403493060193 0.0429075242980343 2.327048114641542
5.640022308578007 6.4 5.0 0.0078 127.9153697 77288.96056 3136.7667662902363 0.0636280939486413 8.637205476366656
4.590417206390328 6.4 5.0 0.0078 127.9153697 77288.96056 2249.913482079204 0.0320203504994658 5.0924911554762335
3.668805583699201 6.4 5.0 0.0078 127.9153697 77288.96056 1546.248979961711 0.0425903030781915 4.030172280438948
3.3815789473684217 6.4 5.0 0.0078 127.9153697 77288.96056 1347.3035945945946 0.0263157894736849 0.7276696226889162
2.8571428571428577 6.4 5.0 0.0078 127.9153697 77288.96056 1040.024006947233 0.0 0.0
2.6232570956186283 6.4 5.0 0.0078 127.9153697 77288.96056 891.3470397031737 0.0327557227311713 2.7585296936595767
2.2974358974358995 6.4 5.0 0.0078 127.9153697 77288.96056 688.3382206621695 0.0229340305384589 0.5031491360858671
1.9690009436817844 6.4 5.0 0.0078 127.9153697 77288.96056 540.021019960857 0.0358359589583534 1.055372044584054
1.867910122164049 6.4 5.0 0.0078 127.9153697 77288.96056 485.8963837491529 0.0372379866643811 0.9816839396310324
1.5093804890744105 6.4 5.0 0.0078 127.9153697 77288.96056 360.3756752995046 0.0912712300446514 2.931129697534272
4.959911502296612 6.4 4.0 0.0078 127.9153697 77288.96056 3116.295632085188 0.0613455966769206 8.60236825804137
3.9821072141431424 6.4 4.0 0.0078 127.9153697 77288.96056 2238.794725770551 0.0228084008418067 7.305453588304559
3.113772455089822 6.4 4.0 0.0078 127.9153697 77288.96056 1510.2840010874042 2.0025091597477093e-15 1.161660552260767
2.943557422969188 6.4 4.0 0.0078 127.9153697 77288.96056 1314.8975435776929 0.0265082308591026 6.92209658677934
2.46792130025663 6.4 4.0 0.0078 127.9153697 77288.96056 1023.3236666967496 0.0165383518676919 3.428709500751514
2.2720273738237813 6.4 4.0 0.0078 127.9153697 77288.96056 891.7996497540685 0.018741575962539 3.2504871073901818
2.0476190476190483 6.4 4.0 0.0078 127.9153697 77288.96056 691.8555059316493 1.7763568394002505e-15 0.5561622568909139
1.7333333333333345 6.4 4.0 0.0078 127.9153697 77288.96056 549.2101191130039 0.0260820265478649 0.9537822422728508
1.3612774451097809 6.4 4.0 0.0078 127.9153697 77288.96056 402.07020587332016 0.0353089292418764 2.1433470807133506
1.238665526090675 6.4 4.0 0.0078 127.9153697 77288.96056 316.0671882393001 0.018106082539364 0.647390144979102
3.984251968503937 6.4 3.0 0.0078 127.9153697 77288.96056 3126.07452906658 0.0545527813407519 2.0081006858996338
3.1199999999999988 6.4 3.0 0.0078 127.9153697 77288.96056 2241.2623473854906 0.0391918358845312 1.8869301040327704
2.469870967741934 6.4 3.0 0.0078 127.9153697 77288.96056 1539.7596976491766 0.0197495241581787 5.510668580310714
2.2937419354838697 6.4 3.0 0.0078 127.9153697 77288.96056 1331.4508183411012 0.0238130072274666 4.419614238899698
1.9614967741935487 6.4 3.0 0.0078 127.9153697 77288.96056 1057.3948709021645 0.0145416549762558 3.3750059627335034
1.816412903225808 6.4 3.0 0.0078 127.9153697 77288.96056 918.9823362205432 0.0245625028298282 3.034791653363688
1.6935483870967751 6.4 3.0 0.0078 127.9153697 77288.96056 738.1094638716553 0.0342148442509622 0.7859051710885105
1.5361935483870963 6.4 3.0 0.0078 127.9153697 77288.96056 611.8673869840137 0.0562209258888925 2.778491727249146
1.3320994182971984 6.4 3.0 0.0078 127.9153697 77288.96056 509.56633776630485 0.0831322334243579 3.4799096311597864
1.05009424801508 6.4 3.0 0.0078 127.9153697 77288.96056 371.4395375196908 0.021586073916957 1.6506997795716798
