delta	R	h	rho	mu	E	EK	vi
8.181848148	6	6	0.0078	139.8657387	78000	75000	6260.990337
6.557231717	6	6	0.0078	139.8106614	78000	75000	4427.188724
5.260666589	6	6	0.0078	139.7332598	78000	75000	3130.495168
4.22516899	6	6	0.0078	139.6247128	78000	75000	2213.594362
3.168023322	6	6	0.0078	139.4122519	78000	75000	1400
2.551568027	6	6	0.0078	139.1770347	78000	75000	989.9494937
1.551126262	6	6	0.0078	138.2260593	78000	75000	442.7188724
11.8711422	10	6	0.0078	139.6313198	78000	75000	6260.990337
9.545074976	10	6	0.0078	139.4821287	78000	75000	4427.188724
7.684161578	10	6	0.0078	139.2741654	78000	75000	3130.495168
6.193751902	10	6	0.0078	138.9855764	78000	75000	2213.594362
4.666391524	10	6	0.0078	138.4299836	78000	75000	1400
3.771668781	10	6	0.0078	137.8276564	78000	75000	989.9494937
2.308722379	10	6	0.0078	135.5052935	78000	75000	442.7188724
16.86865956	16	6	0.0078	139.0784123	78000	75000	6260.990337
13.60881159	16	6	0.0078	138.715214	78000	75000	4427.188724
10.99201794	16	6	0.0078	138.2166281	78000	75000	3130.495168
8.888060147	16	6	0.0078	137.5380986	78000	75000	2213.594362
6.720865553	16	6	0.0078	136.2701291	78000	75000	1400
5.443871654	16	6	0.0078	134.9449363	78000	75000	989.9494937
3.338308419	16	6	0.0078	130.2101078	78000	75000	442.7188724
8.171052395	6	4	0.0078	99.91518954	65000	30000	6260.990337
6.573344802	6	4	0.0078	99.87714316	65000	30000	4427.188724
5.296281909	6	4	0.0078	99.82186272	65000	30000	3130.495168
4.274555927	6	4	0.0078	99.74156045	65000	30000	2213.594362
3.228983167	6	4	0.0078	99.57735467	65000	30000	1400
2.617496272	6	4	0.0078	99.38745334	65000	30000	989.9494937
1.619926087	6	4	0.0078	98.56474545	65000	30000	442.7188724
12.0066653	10	4	0.0078	99.74652774	65000	30000	6260.990337
9.70710543	10	4	0.0078	99.63224036	65000	30000	4427.188724
7.863029012	10	4	0.0078	99.46675328	65000	30000	3130.495168
6.381928189	10	4	0.0078	99.22801789	65000	30000	2213.594362
4.858012976	10	4	0.0078	98.7468358	65000	30000	1400
3.960690171	10	4	0.0078	98.20233562	65000	30000	989.9494937
2.479240223	10	4	0.0078	95.9773457	65000	30000	442.7188724
17.34524501	16	4	0.0078	99.3058115	65000	30000	6260.990337
14.09809269	16	4	0.0078	98.99690388	65000	30000	4427.188724
11.48117067	16	4	0.0078	98.55626403	65000	30000	3130.495168
9.366803722	16	4	0.0078	97.934228	65000	30000	2213.594362
7.173359931	16	4	0.0078	96.72574314	65000	30000	1400
5.869117372	16	4	0.0078	95.42259649	65000	30000	989.9494937
3.684701026	16	4	0.0078	90.63365417	65000	30000	442.7188724
10.37435712	6	5	0.0078	90.08849547	50000	500	6260.990337
8.38579683	6	5	0.0078	90.11703855	50000	500	4427.188724
6.794849715	6	5	0.0078	90.15270223	50000	500	3130.495168
5.520793823	6	5	0.0078	90.19578355	50000	500	2213.594362
4.21556564	6	5	0.0078	90.26213525	50000	500	1400
3.45133957	6	5	0.0078	90.31423034	50000	500	989.9494937
2.202322981	6	5	0.0078	90.37115647	50000	500	442.7188724
15.50133637	10	5	0.0078	90.19336209	50000	500	6260.990337
12.63126275	10	5	0.0078	90.24259642	50000	500	4427.188724
10.32743072	10	5	0.0078	90.29508712	50000	500	3130.495168
8.475168567	10	5	0.0078	90.3434042	50000	500	2213.594362
6.566749079	10	5	0.0078	90.3755261	50000	500	1400
5.440914502	10	5	0.0078	90.34204824	50000	500	989.9494937
3.573598561	10	5	0.0078	89.79160666	50000	500	442.7188724
22.95692988	16	5	0.0078	90.33059998	50000	500	6260.990337
18.89276328	16	5	0.0078	90.36783551	50000	500	4427.188724
15.61291587	16	5	0.0078	90.37077156	50000	500	3130.495168
12.95792574	16	5	0.0078	90.30587173	50000	500	2213.594362
10.19430419	16	5	0.0078	90.03001734	50000	500	1400
8.542063107	16	5	0.0078	89.5904132	50000	500	989.9494937
5.739736439	16	5	0.0078	87.33670228	50000	500	442.7188724
6.208347211	6	6	0.0036	139.9377976	78000	75000	6260.990337
4.965480822	6	6	0.0036	139.9121517	78000	75000	4427.188724
3.97485899	6	6	0.0036	139.8760001	78000	75000	3130.495168
3.184867994	6	6	0.0036	139.8250978	78000	75000	2213.594362
2.379950124	6	6	0.0036	139.7248284	78000	75000	1400
1.911686029	6	6	0.0036	139.6129039	78000	75000	989.9494937
1.154760954	6	6	0.0036	139.1515645	78000	75000	442.7188724
8.94943236	10	6	0.0036	139.8282027	78000	75000	6260.990337
7.177689438	10	6	0.0036	139.7578959	78000	75000	4427.188724
5.762994116	10	6	0.0036	139.6592344	78000	75000	3130.495168
4.632497418	10	6	0.0036	139.5211324	78000	75000	2213.594362
3.477466807	10	6	0.0036	139.2516249	78000	75000	1400
2.803299102	10	6	0.0036	138.9543833	78000	75000	989.9494937
1.707472398	10	6	0.0036	137.7631777	78000	75000	442.7188724
12.62660798	16	6	0.0036	139.5657044	78000	75000	6260.990337
10.15843395	16	6	0.0036	139.3905643	78000	75000	4427.188724
8.182829958	16	6	0.0036	139.1469225	78000	75000	3130.495168
6.599635132	16	6	0.0036	138.8097001	78000	75000	2213.594362
4.975910024	16	6	0.0036	138.1630911	78000	75000	1400
4.023850163	16	6	0.0036	137.4656216	78000	75000	989.9494937
2.464890341	16	6	0.0036	134.8058202	78000	75000	442.7188724
6.157844635	6	4	0.0036	99.96273436	65000	30000	6260.990337
4.939023802	6	4	0.0036	99.94616865	65000	30000	4427.188724
3.966422202	6	4	0.0036	99.92213417	65000	30000	3130.495168
3.189772349	6	4	0.0036	99.88723179	65000	30000	2213.594362
2.39706543	6	4	0.0036	99.81573236	65000	30000	1400
1.934948884	6	4	0.0036	99.73265881	65000	30000	989.9494937
1.185337214	6	4	0.0036	99.36647256	65000	30000	442.7188724
8.961394682	10	4	0.0036	99.88939134	65000	30000	6260.990337
7.217100775	10	4	0.0036	99.83965952	65000	30000	4427.188724
5.821953449	10	4	0.0036	99.76740708	65000	30000	3130.495168
4.704893299	10	4	0.0036	99.66252218	65000	30000	2213.594362
3.560542746	10	4	0.0036	99.44845456	65000	30000	1400
2.890395585	10	4	0.0036	99.2016874	65000	30000	989.9494937
1.794517961	10	4	0.0036	98.14294952	65000	30000	442.7188724
12.80342415	16	4	0.0036	99.69679103	65000	30000	6260.990337
10.3607085	16	4	0.0036	99.56016437	65000	30000	4427.188724
8.400442497	16	4	0.0036	99.36264077	65000	30000	3130.495168
6.824679245	16	4	0.0036	99.07839023	65000	30000	2213.594362
5.201416751	16	4	0.0036	98.50802289	65000	30000	1400
4.244169126	16	4	0.0036	97.86657561	65000	30000	989.9494937
2.659895111	16	4	0.0036	95.28418381	65000	30000	442.7188724
7.754196932	6	5	0.0036	90.04576934	50000	500	6260.990337
6.240151385	6	5	0.0036	90.06182541	50000	500	4427.188724
5.030945165	6	5	0.0036	90.08282864	50000	500	3130.495168
4.064503594	6	5	0.0036	90.10984028	50000	500	2213.594362
3.077037315	6	5	0.0036	90.1563177	50000	500	1400
2.500744498	6	5	0.0036	90.20005169	50000	500	989.9494937
1.564491914	6	5	0.0036	90.31874348	50000	500	442.7188724
11.41592106	10	5	0.0036	90.10826719	50000	500	6260.990337
9.243478759	10	5	0.0036	90.14184988	50000	500	4427.188724
7.504247837	10	5	0.0036	90.18285856	50000	500	3130.495168
6.110358276	10	5	0.0036	90.23076528	50000	500	2213.594362
4.680820613	10	5	0.0036	90.29981084	50000	500	1400
3.842653225	10	5	0.0036	90.34717132	50000	500	989.9494937
2.469119282	10	5	0.0036	90.33501857	50000	500	442.7188724
16.58982382	16	5	0.0036	90.21637408	50000	500	6260.990337
13.53965661	16	5	0.0036	90.26779047	50000	500	4427.188724
11.08948156	16	5	0.0036	90.31954417	50000	500	3130.495168
9.117778953	16	5	0.0036	90.36134256	50000	500	2213.594362
7.08353975	16	5	0.0036	90.36829298	50000	500	1400
5.881280262	16	5	0.0036	90.29503077	50000	500	989.9494937
3.880288964	16	5	0.0036	89.53743039	50000	500	442.7188724
10.07818588	8	6	0.0078	139.7625572	78000	75000	6260.990337
8.091296751	8	6	0.0078	139.6657691	78000	75000	4427.188724
6.503630753	8	6	0.0078	139.5302672	78000	75000	3130.495168
5.233821027	8	6	0.0078	139.3411789	78000	75000	2213.594362
3.934950464	8	6	0.0078	138.9739515	78000	75000	1400
3.175768498	8	6	0.0078	138.5714201	78000	75000	989.9494937
1.938895629	8	6	0.0078	136.9807873	78000	75000	442.7188724
13.58995826	12	6	0.0078	139.4729015	78000	75000	6260.990337
10.9411583	12	6	0.0078	139.2613295	78000	75000	4427.188724
8.819597797	12	6	0.0078	138.9678112	78000	75000	3130.495168
7.118159773	12	6	0.0078	138.5629778	78000	75000	2213.594362
5.371412754	12	6	0.0078	137.7909199	78000	75000	1400
4.346017057	12	6	0.0078	136.9637243	78000	75000	989.9494937
2.663991425	12	6	0.0078	133.8543548	78000	75000	442.7188724
15.25204005	14	6	0.0078	139.2882591	78000	75000	6260.990337
12.29288305	14	6	0.0078	139.0050887	78000	75000	4427.188724
9.920070051	14	6	0.0078	138.6142474	78000	75000	3130.495168
8.014664345	14	6	0.0078	138.078688	78000	75000	2213.594362
6.055165703	14	6	0.0078	137.0674661	78000	75000	1400
4.902620781	14	6	0.0078	135.9972505	78000	75000	989.9494937
3.006717887	14	6	0.0078	132.0758906	78000	75000	442.7188724
10.13099576	8	4	0.0078	99.84300669	65000	30000	6260.990337
8.171762569	8	4	0.0078	99.77226895	65000	30000	4427.188724
6.603153627	8	4	0.0078	99.66957542	65000	30000	3130.495168
5.345742845	8	4	0.0078	99.52076187	65000	30000	2213.594362
4.055515144	8	4	0.0078	99.21821612	65000	30000	1400
3.298394191	8	4	0.0078	98.87156123	65000	30000	989.9494937
2.055779144	8	4	0.0078	97.40910927	65000	30000	442.7188724
13.8248599	12	4	0.0078	99.62503825	65000	30000	6260.990337
11.19967111	12	4	0.0078	99.45634087	65000	30000	4427.188724
9.091019793	12	4	0.0078	99.21303352	65000	30000	3130.495168
7.394085045	12	4	0.0078	98.86415511	65000	30000	2213.594362
5.643259808	12	4	0.0078	98.16852376	65000	30000	1400
4.608804227	12	4	0.0078	97.39286702	65000	30000	989.9494937
2.891538034	12	4	0.0078	94.33165604	65000	30000	442.7188724
15.60113686	14	4	0.0078	99.47816159	65000	30000	6260.990337
12.66098951	14	4	0.0078	99.24444048	65000	30000	4427.188724
10.29544189	14	4	0.0078	98.90905356	65000	30000	3130.495168
8.387979059	14	4	0.0078	98.43164838	65000	30000	2213.594362
6.414503377	14	4	0.0078	97.49147807	65000	30000	1400
5.244654041	14	4	0.0078	96.46006545	65000	30000	989.9494937
3.29321121	14	4	0.0078	92.53271629	65000	30000	442.7188724
12.97123748	8	5	0.0078	90.13974656	50000	500	6260.990337
10.52893231	8	5	0.0078	90.1803343	50000	500	4427.188724
8.571697985	8	5	0.0078	90.22789333	50000	500	3130.495168
7.001241558	8	5	0.0078	90.2799846	50000	500	2213.594362
5.387920638	8	5	0.0078	90.34483877	50000	500	1400
4.439919446	8	5	0.0078	90.37384868	50000	500	989.9494937
2.87965422	8	5	0.0078	90.2059234	50000	500	442.7188724
17.99749455	12	5	0.0078	90.24529582	50000	500	6260.990337
14.71763741	12	5	0.0078	90.29779848	50000	500	4427.188724
12.08041329	12	5	0.0078	90.34558176	50000	500	3130.495168
9.955609279	12	5	0.0078	90.37406343	50000	500	2213.594362
7.75938315	12	5	0.0078	90.33811759	50000	500	1400
6.458182997	12	5	0.0078	90.20229584	50000	500	989.9494937
4.282793618	12	5	0.0078	89.14702568	50000	500	442.7188724
20.47875007	14	5	0.0078	90.29204409	50000	500	6260.990337
16.80203657	14	5	0.0078	90.3409134	50000	500	4427.188724
13.84045444	14	5	0.0078	90.37252747	50000	500	3130.495168
11.44889224	14	5	0.0078	90.36339396	50000	500	2213.594362
8.968436611	14	5	0.0078	90.22385827	50000	500	1400
7.492192015	14	5	0.0078	89.95023912	50000	500	989.9494937
5.005351134	14	5	0.0078	88.3132237	50000	500	442.7188724
7.620754515	8	6	0.0036	139.8896987	78000	75000	6260.990337
6.104143405	8	6	0.0036	139.8443779	78000	75000	4427.188724
4.894218856	8	6	0.0036	139.7806258	78000	75000	3130.495168
3.928323422	8	6	0.0036	139.6911078	78000	75000	2213.594362
2.942792142	8	6	0.0036	139.5155415	78000	75000	1400
2.368488126	8	6	0.0036	139.3206705	78000	75000	989.9494937
1.437519283	8	6	0.0036	138.52807	78000	75000	442.7188724
10.21796816	12	6	0.0036	139.7535343	78000	75000	6260.990337
8.204528542	12	6	0.0036	139.6531208	78000	75000	4427.188724
6.595497903	12	6	0.0036	139.5125875	78000	75000	3130.495168
5.308463113	12	6	0.0036	139.3165574	78000	75000	2213.594362
3.991783239	12	6	0.0036	138.9360904	78000	75000	1400
3.222058338	12	6	0.0036	138.5193829	78000	75000	989.9494937
1.96765111	12	6	0.0036	136.8757345	78000	75000	442.7188724
11.4405817	14	6	0.0036	139.665944	78000	75000	6260.990337
9.195705695	14	6	0.0036	139.5305118	78000	75000	4427.188724
7.400264382	14	6	0.0036	139.3415197	78000	75000	3130.495168
5.96277085	14	6	0.0036	139.0788847	78000	75000	2213.594362
4.490299449	14	6	0.0036	138.5721408	78000	75000	1400
3.628190916	14	6	0.0036	138.0212442	78000	75000	989.9494937
2.219765208	14	6	0.0036	135.8841542	78000	75000	442.7188724
7.595909329	8	4	0.0036	99.93132444	65000	30000	6260.990337
6.105609255	8	4	0.0036	99.90058063	65000	30000	4427.188724
4.914963951	8	4	0.0036	99.85591774	65000	30000	3130.495168
3.962903582	8	4	0.0036	99.79102444	65000	30000	2213.594362
2.989361782	8	4	0.0036	99.65819792	65000	30000	1400
2.42053757	8	4	0.0036	99.50429773	65000	30000	989.9494937
1.494129427	8	4	0.0036	98.83347832	65000	30000	442.7188724
10.27644407	12	4	0.0036	99.83652164	65000	30000	6260.990337
8.290636766	12	4	0.0036	99.76284941	65000	30000	4427.188724
6.700554907	12	4	0.0036	99.65591091	65000	30000	3130.495168
5.425743532	12	4	0.0036	99.50098882	65000	30000	2213.594362
4.117390794	12	4	0.0036	99.1862032	65000	30000	1400
3.349434261	12	4	0.0036	98.82583106	65000	30000	989.9494937
2.088457993	12	4	0.0036	97.30896896	65000	30000	442.7188724
11.55426716	14	4	0.0036	99.772399	65000	30000	6260.990337
9.336343932	14	4	0.0036	99.66976409	65000	30000	4427.188724
7.558440738	14	4	0.0036	99.52103493	65000	30000	3130.495168
6.131168714	14	4	0.0036	99.3062051	65000	30000	2213.594362
4.663625147	14	4	0.0036	98.87219329	65000	30000	1400
3.800221021	14	4	0.0036	98.37945249	65000	30000	989.9494937
2.376789498	14	4	0.0036	96.34949691	65000	30000	442.7188724
9.621057119	8	5	0.0036	90.07506967	50000	500	6260.990337
7.767135411	8	5	0.0036	90.0999225	50000	500	4427.188724
6.284634214	8	5	0.0036	90.13143638	50000	500	3130.495168
5.098091537	8	5	0.0036	90.1703017	50000	500	2213.594362
3.88345034	8	5	0.0036	90.2325038	50000	500	1400
3.172947884	8	5	0.0036	90.28477873	50000	500	989.9494937
2.013848884	8	5	0.0036	90.37479422	50000	500	442.7188724
13.16583722	12	5	0.0036	90.1438033	50000	500	6260.990337
10.69015002	12	5	0.0036	90.18519739	50000	500	4427.188724
8.705915283	12	5	0.0036	90.23341651	50000	500	3130.495168
7.113555873	12	5	0.0036	90.28572165	50000	500	2213.594362
5.477380731	12	5	0.0036	90.34925958	50000	500	1400
4.515674511	12	5	0.0036	90.3749371	50000	500	989.9494937
2.931953738	12	5	0.0036	90.18309335	50000	500	442.7188724
14.88697397	14	5	0.0036	90.18026637	50000	500	6260.990337
12.11956078	14	5	0.0036	90.22781589	50000	500	4427.188724
9.899033225	14	5	0.0036	90.27990363	50000	500	3130.495168
8.114635552	14	5	0.0036	90.33052853	50000	500	2213.594362
6.277499546	14	5	0.0036	90.37382965	50000	500	1400
5.194800227	14	5	0.0036	90.35938585	50000	500	989.9494937
3.40249197	14	5	0.0036	89.91539472	50000	500	442.7188724